00100010001010110000000011011111
00101111110110000001010101010001
00110010011111010000101101111000
11111110001110101011001001100000
01010101110111000110011001101111
01110110101011000011010111101010
11101010010101100001100111001100
11010001111111011001111011101001
10101001011100011001110100111011
00101110001110101100001101100100
00001010000010000001000101001010
11010010011010010100010100100001
10000101100101000111001000100110
11010100111101100110100101011101
10001010011111111110111110001111
10101101000010000011010111000001
01101011111001110101110100001100
10111100001001110111110100001111
00011001001110110110111110111101
01011010101111111001101011100010
00101001100110011010110100110111
10101011000101000010111010011101
00000100010110111011001111110110
00100111010000101000111000011101
10001001101101001100101011001111
00001001111010101101011011100000
11001111111111110001100101010000
01011101111010100001000111010000
11110010111001011010100011101011
01101100111110010110011100010111
11000011001110010000001110011110
11110110101001011110000110101111
01111100001100001101110000100001
00000000100011101000000000011001
10000100001001111100010011110010
10011100011111110011111011101110
11100100001100110101111010000010
10000111100000111111100011011100
11101111111111110100010101011111
01011000010100001111011001100001
11110000111101100011110011101001
00101110110000000011000010011101
00100010010100010110111000100001
00100010111111111100000011110000
10000110111101011000101101011111
00000110011000111011110110111001
00001101010000000000011101101000
10011110100101111001011111110010
10000001000100111100000000011111
10111101101000110001011001111001
11110011010110110111110100011001
01101101100011100111011111101111
00100001100111110111101110101101
00110001101101111111000111000101
01110100100101111100000110100100
01111001101111101001110110111101
00101101101111000101110100111010
11000000111111010101000110011100
11111001110001101100001110011001
00111001001000001100110011000001
10011000101101101110010010001001
10100110000100110101010100000110
00010100100001111011011000001100
01011001110100001111101001111011
11100001010010110001010010111110
11001001110111101110110100011001
10110001110111101100101001101101
10000110111111011100111100010011
10100001100111000111101100010010
10110100001011110101010110110011
11101101110111110010110000110111
00010100101111000000011000010111
10001101111111100001011110000010
00000111111010110000010111011111
00100111101000000100111101100011
11010110001000111010010000011000
00010010001111101110011101000101
01110110010101000000000110011111
01000111011010111110001000110011
11100110101010110000000010100000
11111111010011110010111111110000
00010100111100100101011001010011
10001011011000001001010000111001
11011011000000110100110001110101
10000111110001000011010000100100
01111010000010100000110011001101
00000001010101001000011000101001
10111000100100011101000111010011
00011100000110111110010101100101
00111001011100100000101000110101
10011000010101110010001010100110
10000111001101100111101001000001
10110110100110001100110011001101
00100011011011001001001100100000
01110001010111100011100110000100
11011101111111010010110001000000
11101110101100100110110100101010
01001001110010000110010101001011
11110001110000110111001101010101
01001001001100111110101000010010
11011000010010111111101110110001
01000001001000111100100001001011
10101101011101100001010011011011
10001010000111110101001010010011
00010100101101001000100100010100
01000011110110010101110111001011
01001100010001111101101011011011
01001111000001100111010111110111
01101001111011100110110011000011
01100011111110000010111010101000
10010111001111101011001101101001
10011000110100111000110001111111
10110101110111011111010010010001
10010100011000001110000101011011
00111011110100011001111001011101
01100010111100110101110010110100
00101110000110001001001101001110
00101001100110010101010100111100
11010101010000110001100100101110
10101111000111111001011110000010
11011111010001011011101001000110
00011111010001100110011010010000
01010000101011001101000010010100
00111001010101001101000110100110
00011000000101110010011000000010
00100111110111011000010001000010
00110101110010110010100010111100
11111111000100001001110111011000
10001101110010010100100010111011
10011110010110000101101100110100
01100110010110000101011010000101
11111001111010001010010111010101
00010111111001011000000111000011
10010100101111111011001101100100
01111110111000111000001111001001
10011010110010010110010110101111
00110110110011100110100111000111
01101000111010111011010011011100
10100110111110001001011101110110
10100101000101001011011011000001
10110101001000010100110110001111
10000000101010100010101110111110
11101110011011000111110001111111
00011100101001110110111011010011
01111001111111101001010010100100
10111110111000101011001101000101
11110111101001110110101001000001
10100111110110110001001010100011
00111111010001011001100101001101
11001101010101010110100111101100
01001101101000110000110101100011
11011011001111110100001011010001
01100101000101100110011111010001
01010101011110111111100111000100
00001010001100111110101010000011
11010100010100011011000110000000
10011000011001100100000111001110
00011101011011101010100111101010
10010100010100000011101001010000
10000111000001010101101000011100
00111110001101111111011100111111
11101110011111011100100101111010
00111101010010101001011011001010
10010000001001110011100110010001
00011111100110111001110110111110
01100001000100011010101001001010
11111111101001110001100111100010
11001011110110100101011111010100
10010001100000110101000100000000
10011001100011011000110001101000
00011011111010100001110011001101
11101100100100000110001011110000
00111100110111001101001001110001
00101000101000100001001011010100
00111110000010000000011100100110
01001100010100000000101111010101
11010011010010010111011011011001
00101000101000000101011101101010
01001000011111111001010110010000
10000000000001000000010001111010
01001100010110110000011001001000
01010011101001110101101110010101
01010000100000110000001000000110
01111000001110101100110011101010
11001100111110001100001010001100
10011110100001001001100100010100
10011010110111111111100110100100
01110011001111110111110011101101
11101011011000001111110010101000
01110111101110101100011110110111
11010000110110010010001010001010
11000010100100011001101001111011
01001101010011110011110001100100
11010111100100101101001011110101
00001001010111110111101110101001
10110001100101110000000110100000
01110101001111101001010010101111
10010000101111011110000110010101
01110001000100000101011000101100
01001011110000011111100010010101
01011011110001110100101111101011
00100001011111111011100110100011
00110100001111011111011100110001
00100100101001000100010010111010
01011110100011000111111111101010
11000100001000101001001110100110
00011010101011011000010100110110
11111100011011001111111011000010
01101000010101001010101000001110
01111101101100110111000111011000
10000111011110000110011100000110
01010110010100001101011010010000
10101010001111101010100111101000
00100011000010000011110110111001
01001110010010101011001000010110
01100100111111000111010000000000
00001111111100010001101111011011
00001101010101001011011110110111
00010011011101011111010100011100
01011001010011001001001001011101
10101001000100011011100011101010
00001001110010010011011010000010
10101010110000001010101100110111
10001000110111110010110011100100
01010001100000010000100110111110
01111111000000100011010011011001
10101110011101010001010111001010
00110001111001001110100001001001
00011000110100001001111111110000
10011100101001100111011100010111
10001101011000101001010111001001
00100010011101101110110001011011
00011110110000100000000001010100
11101110111100000111000011100001
11101111000111000100111101110110
10101000100101111100011011111110
00100000000100101100011011100011
10110000111101100110010001100000
11000100010011101010010001110010
10010100110011110000010100101000
01001010111000001110101100011111
01001001111111010100010000001110
11011100101110010010001110100101
11011110111010000001001000000001
01010010000000100101100100101101
11111111001111001111010100111110
10111100000011110010011001011110
01100100010110011001101101001001
00001011110101100000010100010101
01010010010101010000000001001000
11011100011100101100111101110101
11110101000001100101000110110000
01011000011011011010110110111001
00101110111111100110101100100111
10000000000010000011011011100010
10100011111010100010011011110000
