1110011101111010111101101001011010011101100110110101001100100011
1011100001001111110011011110101011011001111000111010101101101000
1001100001001010110000011011101011101110010000000100100000010101
1010100001100001001011011110010001010101111010010111110101111101
0100011111011111100110010111101101010010110000111001110001111011
0101110101101111001101101010100110110011000111000110001110100100
1111001000001011111011100001110000110110010010000101101001101101
0010010001100100110111000000001110000001101000111100010111111000
1110010011111100011011100010010010010110001001001101010011001000
1011100010000011101111101111101100000111101110101111101101111100
0001010111001110001110110110101010000011101100101010000011110101
1000011100001100101100101110011010110100111001000101100110111111
1011010000010010001011000110011000010010010011100011110001111100
1001000001101101000110000111001111010100010000001010011100111111
0111101000001011001111111000110010011000110001001100101001110100
1100110110011110001110000001011100011011100000011001111001001101
0001010101110110010111000111000011000111100110001110011101111111
1101011111001100100001001100111001010110001111101000000101001011
1001111100010111100011111111111100000110011001110001011110001111
1010011000011001110010100110010110010111110100110101100111001001
0110000011011111111000001011000101110101101001110011101000000101
1100110000011101110101010011101101010000010101111000110010011000
1010111110111111011110110110101000001101011011110101111111101000
1111100001101100101101001001010101010101001111000111101010011110
0101101101101011010010001010111000000101100001110001101000110000
0100110100010001010010101011001111011000111111001111100101110001
0010101100110011111100001100001111110110101100000101001110110001
0111001110101011100111001101000110011111111010011101110001110011
0110110111010011001000001111001101000000000100101011110101011110
0010000101100010100100001011100001111011011111001001000010011101
1011100100000000110101110111100111011101011010110100111101000110
1111101100010100010100111100101001000010010010111100100000000110
1011111110110111001110111111010010000000000100011111010001101111
0010010011010111111011111101101011111011000101010000111110011100
0111101000001100101010110101000000010111111110010001101110010110
0001101010010111110101000100011011110101100100001111011011011000
1110000111000010101010011011110011010011000110000100011001011010
0001011100010001000100101011110110100101100011011011000110000000
0011111000001010011110011001000010110000001001000110001111110010
0011100011101110000111111000000101001110000111001011110100011100
1111101001010111110101100111011110011100011001101001010110010001
0010001100101000101101111010000110001001000001100101111111001110
0010010011101100001010100111010101111111110001100001111100110101
1101101111110000001001110111000000100010001001111001101100001000
0111001101100111000110011111101100000001001100100000100110001100
1100101001100000011011011111000101101001111011101001100010010110
1101100110011001000100000000001001010011110001100010100000110001
0001011001101110000101101010100001101010011101010001000110101111
0011110111010000100111011111001100111110101111101111010000011001
0111100010100010100111010100110000101100010011000011111111000101
1010010010110100000001010100110000010000100011011001011001110110
0100001001111011011010111111110001110011000001101011110100001000
1101100101101001001000100101010100010101101101100110111101000111
1111101011011011000110011001101011011101111011010111010010110110
0100010001011011000101110000001111000101100111100011111101001110
1001110011011101100000001000110001001111001111100010111110110100
1011011111011111100110100010110010011010100001100101100100111110
0101001111011111010011011010000110010110000010011111101100101000
0101001001101001110000000001000111001000100101001100001010111000
1101100110001011000110011001100101111010100010001010111001110001
0000101010000101001110101000110000101101001110000111010001011000
0111011100011011111011001001111011110000101100111111110110110001
0000110100011000100000011011100111000100001000100111110101000110
1000010100011001010100010000110011110010100011111110011111111100
1011010001001010101001001011100010010010100010101110010101110000
1011111101010100100000110000011100100100010000101100000001001101
1111101110111000001000000100001111110110000101011111000110101111
0010110100110001000101110010010000011110000111101100101101111000
0000011101011100000101111100010001010101011000101110100011101010
1011001001011101110001101100000101000110010011000010011010100001
1000111101011111100110000000101001000110001010100111000110111011
1111101001111000010000010010101010111110110010000100111011011011
1101011010100001100111001010010000101010101010001011011001001001
1001111101110101101111001010011000111010100101000101110011100111
0110010010110111011111101101011100110001110101000100011110010011
0011110110001010001110100010000010011011000110010011001111001000
1111111001100000110110100100011001010010110001011011010010111010
0110100101011010100011001100001100011001010011001100100001001000
1101101101010110100110011101111110011101101111001011001100111100
1101101000001100100101111010001000011001011011111111111100110000
1001010111011010110101000110111000101001000000000110000101111011
1101111010011111111000010100010110101110110001100001000011001000
0000100001110001110011111010100000010101111100000111100100001001
0010111110100110010100110111110001011100000010111000111011000001
1001011001000010011000000000000100100111110110000001110010010111
0010000111111100011101001110100111101101111100111101000000001010
1101001011011011011110111000101100001000110110001011110100100101
0011110110010101100000100110110011011110001001111000001100111010
0001100111011110010001101001011111101101100010001110000010011100
1101011111110100100111111111000101110100111101010111011110010111
1010001000011011100111100111111100011011000110001000000011101001
0101100110110001101110101001100101100000100110101000110000100001
1001101101110000101000011101001010100110101110001111111000110011
1000000000011110011111011100101111111000000000011101010110001000
0111011001100101010000100110000101000110001100001001100110101011
1011010011011001010100100110010100100101001010011000100111000000
0111000100011101011100010010100000011011011111110001111011000000
1101010000001101011011011010111001010101001001001001011111000010
1110000010000101010011111011110000000000011000100101101101111010
0011100100010011110110001100000111000110011100000010011110010010
1001001001011101100100111110100110101100111000011110010000000010
1110101011001101010001001000001110011011101000101110010001100110
0111010010101000010100101111111100001111001111110100101001001001
0100001001011111100011010011011001100110101110100101010010111111
0111100000010011010101000001001010100110010100001100010111010111
0011100100110100101100111110110101010101100110000001110000110000
0001110001011110011111000000111110011101000110000111001111101000
1000101010000000011100110011010111010100110101100110110010101000
1111110001100110010010000011101000111000010011010010001011111001
0110000111101010100001110110000011011011001100010011111000001000
1000000011100101100001101101000010000000101011111011001001011101
0100100100011001110111011010010011101101101111101100000111111111
1011111100000101000011001000001001011110111000011000111111110110
0001101111111000110100011110011111010001010110111110000010101000
1110011011101100001001101101100011110100000100010011010001100111
1110111110001000100101111011101001011100100000111010000100001001
0010011110011000001011101100101001011000111011101011011000010000
1010001101011111011010100001111010101011011000100010010111110001
0100111000100000110100001100001110110111101000111000111110100100
1001101101101000010000100101101101110011010100110101111001011010
1011001001110111100001110010000101010001110101000100000011000100
1011001010101011101011001000100101110110111001111101100011010110
0101101000000001010011000010010011111100010111001001001100011101
1110101111110110100010110100110101110011111100100001000101100100
1110110111000111000100110001101111000101100100110110010101011010
0100101000001110011001000101100111110001010111100101111010010010
0001101001000001111001001110011100001101101100010100011101111000
0101101111111100101101111001110100010100010000010001010111000000
0001000100011111111101010111100000011100101001011101101010100010
0000001000000000001110001110011111100110010111100101100100110011
1010111010011111110000100010101010101001011101101010101011001111
1000110111110111011010000011001101010010110110001000101001010110
1011000010000010110100111101100000000000101010100010110001100101
1101110111011110100111011111010000000010001000111111011011101000
1110001101011111110001000110010011000101111001110110101001101011
1000001100111010111110000110111110111001100110000110110011111010
1001011111101100111111101111100111101101111000100110100001000101
1101100111001111110010011011010100010100000001000100110111100110
0110010001100000110000100011101100101110111111001100110010110001
1100100011100011011011000110000001000101110100001000111100000000
0011010111000101110100100010001000101010011111111111010101010101
0101010001001000000110001101011010000101000111010111011011000111
0000011110100111111100011000101101001011111001101111001000101101
0011011110000001101011000010111001001001001001001011001001100000
1110010100011100111100000000010110001000010101000010110101110010
1100001100001011111100010101001010101111011000110001011111010111
1010010110111111010011010000001001000011001101100001010000100000
1000001001101001110011101000011011101011110010000110100001010111
1101001010001011001100101001011101101001011001101111011100100011
0100101100100000110001110101010000111101110010101101111101111110
1111000100001101001101000110111000100111111001100011111001000001
0101010011011111011110000000001000011111011100000101111100110100
1111101001010000010010111111011010000100111101010010111001111110
0110100010111111011101101001101110100001011100111000001011101001
1011111011001001000110000001100110111011111111110100111110011000
1000010010010110010001001101011000000001001011010001100111000111
0010110110000110100111000001011111000000011011110001110011101000
0011010001101010110111010001001001000000111101110101011100010111
0100000010110001001111000101011110101110111010111001101100110110
0001000100000000110011001100001110001001100001000101011100101100
1110011001111110001100101000010110101010101101111111101101010001
1111001111011110000011101111110000100001011010001111001011111000
0000110110010110111111100101001001010010101110111110110010111010
0000110111000000100010010000101010100010011010001011011100111100
1100010111110111111010010001100010000010101010110110111011001110
1011001001000001110110110000100111011111100010010101000011101100
0110011110011010000010111110101111010111100000001000100011100101
0111110010001101111010010111111011110000111100101111010010101001
0111111111010001111100100111101110110000001011011011100101101111
0001001111000000010101110111000010110000100010101111110110001101
1110100111101000111001000111011000000101010001100110100010110011
1000000000011110101100101110101101000000011000100110100111100001
0010011110000000000110100111001010101001100101101000100100100110
0000000001100010100110111101101111101010110100011011101000101001
1011101010110100010011001101100110000011011001110101010001100011
0010101101100000010011110010101101010010000001001011101011010101
1101000010001101010101000100000011111001011010001010001100101001
0100101001101111100010110000100100110011111111010110011010111001
0110101001000011110110011110011100011011010100000111001010110011
1110101010001110010011011100111011010011001101100000010011010000
1001000101010001000100110001100110111111001001000110010110011000
0000001111110000010010110111001011001001000110100000100011000110
0001110001011100111101010001000000100000100010100100111001100111
1000001000000000101101110100010010011100000110011111001110011111
1011110011011010111010000011010001111111101011001011111110101101
0111110010001010010111111011100011000011010011001011001101001010
0000101111110010000101001100011011111000000010011111101110100110
0011010000101000110011101101110100100011110111000110010110001100
1010011000100001001100001001001000001111100011100110111000111110
0001100001101001100000011111101110100100000111101110110001100000
1111001000000100001001101000111110100101010110110110010011000000
1010111101101100100101000100100110110010101011010100011110110000
1010100101100010111110111010111011011001010011001110000101001100
1100110100101011101010110100110110011011111110100100011111100100
1111011001011001000101010000011000101010111111000010110101100111
1101110000010000000100111111010101111111010001101001001011100010
0011101010110011010000000110010011100011010110000101110111000011
0110101101111111100010011001001111001111111000111111011110110111
1011001100111011001111101100011010011010011100010101110101101010
1000011010001111000011101100010100000100001111110100100011000011
0110000010000000001010000100000001010011111000111010110111110101
1010010001011000110110000001001111001101000101111100001011101011
0110101001111111011000100011010100111000011111000100011001001111
1000110111110110011101101100011110001011111001100011110010011010
0110111001110000011101101001101011111111100110001101011010110101
0110111001110110110001010100000011110100000100011010111100011001
0101100000111011010000010000010100000110000000011000111000111101
0110011110001000000000010110100001011100001010011110101000010110
0010100101010010110001110011000111101111010011111011011110101111
1111111000000101001010011110010011100110000101100000101001110110
0110001011011001111000001011100101110000001100110100111010001100
0110000001010000010000100110111111011010101101110000000100010101
1011001011110010001101110011100010000011000001100111011111011000
1011111000001100011001111100101000011101011001110011101101111100
1011001010110011110110000110010000000000011011111100110010000011
0001001001010101010000110101111010001001110100010100011111010100
1101111101110101000000011101111111001100001101000100110010110100
0010111011100100001100000101010100100100101011110010110010110010
1011011010000011110000111001011000010000000110101011110101101000
0000100100100110111000001010101110110111010001100110000001010100
0111111101100001010011101001001110011101001111010010100011101001
1011011011110101111101001101000001001010001000001001010101000010
0010001100000010110001010001001111011100010011011010110100111111
0000111110000100100100010101001110000010111111010111111010110101
0100010100000111100000000110000010111001110001001000000101011100
1001101010101101001010110101110110101000000110110000110011100110
0001000101001110110110100010110100111110111101101011100001111100
1111001111100111100100111001101101101011001000010100010011101000
0110111100110010111000011011000101111011010100111101111111111111
1011110001011110010100000111110100010000100000001011111010110110
1101000011101111010100011100011001101000111010010100101101101100
1101010101101010010100110101110100010111101010111101011000011110
1101101101000100001101101000100011000011011100101001000001101000
0010101011101100011111010000011101100110001101110100111110111100
1111010111100111011101101010100001111110011101110110101101010101
0101100001111000001110100000100111000101100000001111000111011110
0011110100100011100111011011011110101100111111101001000001000100
0011101110010000100111000111000000001110001110110001101000111011
0110100000111111010111010011010010111011001110101110101111110001
0010101001110111101101111001101111101001110000110100111011010001
0000010011100101010100101110011100100100110001111000001111000101
1111111000011011100110101001100000100110010010001010110010010010
1001101001011011111010001111001011011000000110001101110001000101
1000000000001100100001001000101010110100000001101100011110000111
1111110110111001000110101110000111010110010101101101111110111011
0001011101011001000110011000011100111011001000101011011111000100
1101011101101011011110011010010010111010000101011100110011111100
1111011101111111011111011111011000011001010110110101101110101100
1111100110101100011011000110110011110110011011011111100110010011
0001110100111100100101110001101000001011111000010010101011001101
0111011101111010110010111000010111110110110100100110000010000011
1001101001001001100010100010111101110101001111100110010110010010
1010010100110010000001010111011000010011101000001101110000000110
0100010010111000001110110011110101000101111110001010000001001100
1000111001110111000001111101110011010100111110110100010110000011
1100000100111110111010000000010111111000000001000010000111000101
1001111100111001111011110000101101101010100010011000100110111100
0110000100001001011100101011111100101001100010110000100111011000
0011100000101001011110111110100100001110000100111000011111010101
0101001001100100100011000010100101101001101101101010110101100111
1010110011110011001010010010101000110010011001101111111001110000
0100100000000101001011010000010110101011001110110000000000110110
0111001000100000011110010010111101110010101101100100001101101010
0000110011000101101001100000111010110100111100110000110000101110
0010011101000111110101000111000110111011100000001110001010100101
0010111101101111001001011110011010100111110110000010010011001000
0111100011011010101011001010100000011001111101100111110000100101
1011111110101010101111111110101100111110110101100100011101000111
0110001010000001101000001111100100101111011101010011001010100011
0100110100001110111110110101010001100100010001000110000010011011
0101011101010100100001011110110011101111100101000011001001100111
0011000110100110001111000010000011000001010100101111001001001110
1111101001011000001011101101111001111111110100000011001101101100
0100000011010101001010111001011010000011000010101101111010101101
0001010010111011101101100010111110000001110001100100000110100001
1101000101100110101011000001111001001101011010001110100000000110
0100010011001001000100101001000100111000010010111101101001011000
0001001001111000101100011010101111001101110111100110111111001000
0100001111010101100011111111010110001011000011000101101110001101
0101101000110111100011100010111000100110100010011111000111011000
0010010011000010001111001100100111110001111111000111000111011111
0110000101111110001000011011101001101110011011111001100010011011
0111001011001011010000101110001100100000000101000101010101001000
1000101011010010010110100101101111010000000010001010100100011101
1101110010100100000001111100010101001110001100101100110110001000
0001101101110011000111001111000101101001110100100100010100011001
0100000101001000001101001011001111110111110010101100111001111010
0000001000111110011101110011000100110101001111110000000100010010
1010010010011000100001111010101011010100010110010101000110100000
1101110001111001111101100100000001110000000111101101100011101110
0100110000010110111000011101100101001111010110100000101010111001
0100001111010000101011000001011001111101101111000010101100101100
1001101010100011011001000101010100110110111000111011000010001111
1111111110100011010110111000001111011111111100001011100011110111
1101110010100101001100011010011011111111100100101101111100100011
1011110101001111101100100100100011011001000010101101111010010011
0110101000010000011010101000000100101101101111111111000110111011
1000111101100111001100011000100000101110110110000100010110011111
0010011111000111010001011110111111100010101000110001001000111000
0101100000010101011110110110011000111011101011110110110010001000
1111000000111101100000000011000011110001100011010011000011001010
0001101000110010100111011100100100001001110011100110100111101000
1011100101000100111011111001101111001100100010100001001010000010
1001110001000100100010001110111111011011101111110101010110110100
0100101100000111001000000011000011100111110111011100010010011110
0001001010100111101100100111000111011010000001101000111010000100
1100110111101011110110100001110100011010000001010101000101011011
1100011000111100111001010010111001100101110101001001010001010000
0101110101001001000000101110110011110000001100101110011010000011
1110000110000101011100000110110010011111000111010011101000001101
1011111100010011001001111110000000010110011010000101110111101000
1110010000000000100110100000111001111100111000111100111100111010
1100100100101111100111110101100001101110111111111101110001110001
0011000001011101011110000011110010111110100101110010110101010111
1001011101011011001111010101011111111111110010101110010111011111
1010110111101110010011111101000110100101010010011011001001110100
0101111000111110111110100100001100100100011011110111111111111110
0011000010111000100000000100110000101100100000000110000100011111
0100100110000000000111000000110000101001010101100011011010111001
0011101111110000110010000001111011110110001110101001101001110010
